ISS (ZARYA)             
1 25544U 98067A   25054.44635474  .00024560  00000+0  44723-3 0  9992
2 25544  51.6356 150.3745 0005991 304.7544  55.2880 15.49325184497521
ILLUMA-T                
1 60181U 98067WR  25054.40797373  .00074320  00000+0  53908-3 0  9995
2 60181  51.6305 133.5926 0003646 212.7447 147.3326 15.72723374 37268
YODAKA                  
1 62295U 98067XB  25054.46185913  .03992080  11836-4  23798-2 0  9992
2 62295  51.6184 139.8892 0012196   3.5355 356.5746 16.17551874 11969
OBJECT XC               
1 62296U 98067XC  25054.49371915  .00248498  00000+0  18213-2 0  9991
2 62296  51.6296 144.6833 0010021 295.7625  64.2338 15.71800738 11889
OBJECT XD               
1 62297U 98067XD  25053.95764017  .00813946  00000+0  26636-2 0  9995
2 62297  51.6257 144.8237 0012233 326.9186  33.1052 15.87989902 11834
YOMOGI                  
1 62298U 98067XE  25054.48619205  .00253527  00000+0  18178-2 0  9998
2 62298  51.6289 144.6288 0010019 298.0850  61.9135 15.72304517 11884
ONGLAISAT               
1 62299U 98067XF  25054.43559546  .01163282  62561-3  32901-2 0  9998
2 62299  51.6259 142.0171 0008249 328.3322  31.7188 15.92861269 11896
ISS DEB                 
1 62376U 98067XG  25054.46757977  .00223265  00000+0  18654-2 0  9997
2 62376  51.6321 146.0256 0008516 302.1842  57.8329 15.68750009 10240
